Tree


BreadthFirstTreeSearch:		(cost=11.0, expansions=12276)	 3 3 1 0 0 0  2 2 0 1 1 1  2 3 1 1 0 0  0 3 0 3 0 1  1 3 1 2 0 0  1 1 0 2 2 1  2 2 1 1 1 0  2 0 0 1 3 1  3 0 1 0 3 0  1 0 0 2 3 1  1 1 1 2 2 0  0 0 0 3 3 1 
UniformCostTreeSearch:		(cost=11.0, expansions=11590)	 3 3 1 0 0 0  1 3 0 2 0 1  2 3 1 1 0 0  0 3 0 3 0 1  1 3 1 2 0 0  1 1 0 2 2 1  2 2 1 1 1 0  2 0 0 1 3 1  3 0 1 0 3 0  1 0 0 2 3 1  1 1 1 2 2 0  0 0 0 3 3 1 
DepthFirstTreeSearch:		(cost=45.0, expansions=45)	 3 3 1 0 0 0  1 3 0 2 0 1  2 3 1 1 0 0  1 3 0 2 0 1  2 3 1 1 0 0  1 3 0 2 0 1  3 3 1 0 0 0  2 2 0 1 1 1  3 3 1 0 0 0  1 3 0 2 0 1  2 3 1 1 0 0  2 2 0 1 1 1  2 3 1 1 0 0  0 3 0 3 0 1  1 3 1 2 0 0  0 3 0 3 0 1  2 3 1 1 0 0  0 3 0 3 0 1  2 3 1 1 0 0  0 3 0 3 0 1  1 3 1 2 0 0  1 1 0 2 2 1  1 3 1 2 0 0  1 1 0 2 2 1  2 2 1 1 1 0  2 0 0 1 3 1  3 0 1 0 3 0  1 0 0 2 3 1  1 1 1 2 2 0  1 0 0 2 3 1  3 0 1 0 3 0  2 0 0 1 3 1  3 0 1 0 3 0  2 0 0 1 3 1  2 2 1 1 1 0  2 0 0 1 3 1  3 0 1 0 3 0  2 0 0 1 3 1  2 2 1 1 1 0  2 0 0 1 3 1  3 0 1 0 3 0  1 0 0 2 3 1  2 0 1 1 3 0  1 0 0 2 3 1  2 0 1 1 3 0  0 0 0 3 3 1 
GreedyBestFirstTreeSearch:	(cost=47.0, expansions=93)	 3 3 1 0 0 0  1 3 0 2 0 1  3 3 1 0 0 0  2 2 0 1 1 1  3 3 1 0 0 0  1 3 0 2 0 1  3 3 1 0 0 0  2 2 0 1 1 1  3 3 1 0 0 0  2 2 0 1 1 1  2 3 1 1 0 0  1 3 0 2 0 1  3 3 1 0 0 0  2 2 0 1 1 1  3 3 1 0 0 0  1 3 0 2 0 1  2 3 1 1 0 0  0 3 0 3 0 1  2 3 1 1 0 0  0 3 0 3 0 1  1 3 1 2 0 0  1 1 0 2 2 1  2 2 1 1 1 0  2 0 0 1 3 1  2 2 1 1 1 0  1 1 0 2 2 1  2 2 1 1 1 0  2 0 0 1 3 1  3 0 1 0 3 0  2 0 0 1 3 1  2 2 1 1 1 0  1 1 0 2 2 1  1 3 1 2 0 0  1 1 0 2 2 1  2 2 1 1 1 0  1 1 0 2 2 1  2 2 1 1 1 0  1 1 0 2 2 1  2 2 1 1 1 0  2 0 0 1 3 1  2 2 1 1 1 0  2 0 0 1 3 1  2 2 1 1 1 0  2 0 0 1 3 1  3 0 1 0 3 0  1 0 0 2 3 1  1 1 1 2 2 0  0 0 0 3 3 1 
AstarTreeSearch:		(cost=11.0, expansions=7799)	 3 3 1 0 0 0  1 3 0 2 0 1  2 3 1 1 0 0  0 3 0 3 0 1  1 3 1 2 0 0  1 1 0 2 2 1  2 2 1 1 1 0  2 0 0 1 3 1  3 0 1 0 3 0  1 0 0 2 3 1  1 1 1 2 2 0  0 0 0 3 3 1 
Graph


BreadthFirstGraphSearch:	(cost=11.0, expansions=14)	 3 3 1 0 0 0  1 3 0 2 0 1  2 3 1 1 0 0  0 3 0 3 0 1  1 3 1 2 0 0  1 1 0 2 2 1  2 2 1 1 1 0  2 0 0 1 3 1  3 0 1 0 3 0  1 0 0 2 3 1  2 0 1 1 3 0  0 0 0 3 3 1 
UniformCostGraphSearch:		(cost=11.0, expansions=14)	 3 3 1 0 0 0  2 2 0 1 1 1  2 3 1 1 0 0  0 3 0 3 0 1  1 3 1 2 0 0  1 1 0 2 2 1  2 2 1 1 1 0  2 0 0 1 3 1  3 0 1 0 3 0  1 0 0 2 3 1  2 0 1 1 3 0  0 0 0 3 3 1 
DepthFirstGraphSearch:		(cost=11.0, expansions=12)	 3 3 1 0 0 0  2 2 0 1 1 1  2 3 1 1 0 0  0 3 0 3 0 1  1 3 1 2 0 0  1 1 0 2 2 1  2 2 1 1 1 0  2 0 0 1 3 1  3 0 1 0 3 0  1 0 0 2 3 1  2 0 1 1 3 0  0 0 0 3 3 1 
GreedyBestGraphSearch:		(cost=11.0, expansions=14)	 3 3 1 0 0 0  2 2 0 1 1 1  2 3 1 1 0 0  0 3 0 3 0 1  1 3 1 2 0 0  1 1 0 2 2 1  2 2 1 1 1 0  2 0 0 1 3 1  3 0 1 0 3 0  1 0 0 2 3 1  2 0 1 1 3 0  0 0 0 3 3 1 
AstarGraphSearch:		(cost=11.0, expansions=14)	 3 3 1 0 0 0  2 2 0 1 1 1  2 3 1 1 0 0  0 3 0 3 0 1  1 3 1 2 0 0  1 1 0 2 2 1  2 2 1 1 1 0  2 0 0 1 3 1  3 0 1 0 3 0  1 0 0 2 3 1  2 0 1 1 3 0  0 0 0 3 3 1 
Iterative


IterativeDeepeningTreeSearch:	(cost=11.0, expansions=2813)	 3 3 1 0 0 0  2 2 0 1 1 1  2 3 1 1 0 0  0 3 0 3 0 1  1 3 1 2 0 0  1 1 0 2 2 1  2 2 1 1 1 0  2 0 0 1 3 1  3 0 1 0 3 0  1 0 0 2 3 1  2 0 1 1 3 0  0 0 0 3 3 1 
IterativeDeepeningGraphSearch:	(cost=11.0, expansions=11)	 3 3 1 0 0 0  1 3 0 2 0 1  2 3 1 1 0 0  0 3 0 3 0 1  1 3 1 2 0 0  1 1 0 2 2 1  2 2 1 1 1 0  2 0 0 1 3 1  3 0 1 0 3 0  1 0 0 2 3 1  1 1 1 2 2 0  0 0 0 3 3 1 
